t,MV,PV,DV
0.000000000000000000e+00,3.000000000000000000e+01,4.371000000000000085e+01,5.000000000000000000e+01
1.000000000000000000e+00,3.000000000000000000e+01,4.364999999999999858e+01,5.000000000000000000e+01
2.000000000000000000e+00,3.000000000000000000e+01,4.378000000000000114e+01,5.000000000000000000e+01
3.000000000000000000e+00,3.000000000000000000e+01,4.367999999999999972e+01,5.000000000000000000e+01
4.000000000000000000e+00,3.000000000000000000e+01,4.361999999999999744e+01,5.000000000000000000e+01
5.000000000000000000e+00,3.000000000000000000e+01,4.349000000000000199e+01,5.000000000000000000e+01
6.000000000000000000e+00,3.000000000000000000e+01,4.346000000000000085e+01,5.000000000000000000e+01
7.000000000000000000e+00,3.000000000000000000e+01,4.349000000000000199e+01,5.000000000000000000e+01
8.000000000000000000e+00,3.000000000000000000e+01,4.346000000000000085e+01,5.000000000000000000e+01
9.000000000000000000e+00,3.000000000000000000e+01,4.346000000000000085e+01,5.000000000000000000e+01
1.000000000000000000e+01,7.000000000000000000e+01,4.346000000000000085e+01,5.000000000000000000e+01
1.100000000000000000e+01,7.000000000000000000e+01,4.352000000000000313e+01,5.000000000000000000e+01
1.200000000000000000e+01,7.000000000000000000e+01,4.361999999999999744e+01,5.000000000000000000e+01
1.300000000000000000e+01,7.000000000000000000e+01,4.349000000000000199e+01,5.000000000000000000e+01
1.400000000000000000e+01,7.000000000000000000e+01,4.346000000000000085e+01,5.000000000000000000e+01
1.500000000000000000e+01,7.000000000000000000e+01,4.346000000000000085e+01,5.000000000000000000e+01
1.600000000000000000e+01,7.000000000000000000e+01,4.352000000000000313e+01,5.000000000000000000e+01
1.700000000000000000e+01,7.000000000000000000e+01,4.375000000000000000e+01,5.000000000000000000e+01
1.800000000000000000e+01,7.000000000000000000e+01,4.378000000000000114e+01,5.000000000000000000e+01
1.900000000000000000e+01,7.000000000000000000e+01,4.407000000000000028e+01,5.000000000000000000e+01
2.000000000000000000e+01,7.000000000000000000e+01,4.410000000000000142e+01,5.000000000000000000e+01
2.100000000000000000e+01,7.000000000000000000e+01,4.410000000000000142e+01,5.000000000000000000e+01
2.200000000000000000e+01,7.000000000000000000e+01,4.417000000000000171e+01,5.000000000000000000e+01
2.300000000000000000e+01,7.000000000000000000e+01,4.422999999999999687e+01,5.000000000000000000e+01
2.400000000000000000e+01,7.000000000000000000e+01,4.446000000000000085e+01,5.000000000000000000e+01
2.500000000000000000e+01,7.000000000000000000e+01,4.475000000000000000e+01,5.000000000000000000e+01
2.600000000000000000e+01,7.000000000000000000e+01,4.471000000000000085e+01,5.000000000000000000e+01
2.700000000000000000e+01,7.000000000000000000e+01,4.481000000000000227e+01,5.000000000000000000e+01
2.800000000000000000e+01,7.000000000000000000e+01,4.507000000000000028e+01,5.000000000000000000e+01
2.900000000000000000e+01,7.000000000000000000e+01,4.510000000000000142e+01,5.000000000000000000e+01
3.000000000000000000e+01,7.000000000000000000e+01,4.520000000000000284e+01,5.000000000000000000e+01
3.100000000000000000e+01,7.000000000000000000e+01,4.539000000000000057e+01,5.000000000000000000e+01
3.200000000000000000e+01,7.000000000000000000e+01,4.539000000000000057e+01,5.000000000000000000e+01
3.300000000000000000e+01,7.000000000000000000e+01,4.571000000000000085e+01,5.000000000000000000e+01
3.400000000000000000e+01,7.000000000000000000e+01,4.586999999999999744e+01,5.000000000000000000e+01
3.500000000000000000e+01,7.000000000000000000e+01,4.607000000000000028e+01,5.000000000000000000e+01
3.600000000000000000e+01,7.000000000000000000e+01,4.615999999999999659e+01,5.000000000000000000e+01
3.700000000000000000e+01,7.000000000000000000e+01,4.635999999999999943e+01,5.000000000000000000e+01
3.800000000000000000e+01,7.000000000000000000e+01,4.635999999999999943e+01,5.000000000000000000e+01
3.900000000000000000e+01,7.000000000000000000e+01,4.657999999999999829e+01,5.000000000000000000e+01
4.000000000000000000e+01,7.000000000000000000e+01,4.674000000000000199e+01,5.000000000000000000e+01
4.100000000000000000e+01,7.000000000000000000e+01,4.696999999999999886e+01,5.000000000000000000e+01
4.200000000000000000e+01,7.000000000000000000e+01,4.707000000000000028e+01,5.000000000000000000e+01
4.300000000000000000e+01,7.000000000000000000e+01,4.732000000000000028e+01,5.000000000000000000e+01
4.400000000000000000e+01,7.000000000000000000e+01,4.749000000000000199e+01,5.000000000000000000e+01
4.500000000000000000e+01,7.000000000000000000e+01,4.764999999999999858e+01,5.000000000000000000e+01
4.600000000000000000e+01,7.000000000000000000e+01,4.771000000000000085e+01,5.000000000000000000e+01
4.700000000000000000e+01,7.000000000000000000e+01,4.796999999999999886e+01,5.000000000000000000e+01
4.800000000000000000e+01,7.000000000000000000e+01,4.803000000000000114e+01,5.000000000000000000e+01
4.900000000000000000e+01,7.000000000000000000e+01,4.828999999999999915e+01,5.000000000000000000e+01
5.000000000000000000e+01,7.000000000000000000e+01,4.847999999999999687e+01,5.000000000000000000e+01
5.100000000000000000e+01,7.000000000000000000e+01,4.857999999999999829e+01,5.000000000000000000e+01
5.200000000000000000e+01,7.000000000000000000e+01,4.864999999999999858e+01,5.000000000000000000e+01
5.300000000000000000e+01,7.000000000000000000e+01,4.889999999999999858e+01,5.000000000000000000e+01
5.400000000000000000e+01,7.000000000000000000e+01,4.896999999999999886e+01,5.000000000000000000e+01
5.500000000000000000e+01,7.000000000000000000e+01,4.922999999999999687e+01,5.000000000000000000e+01
5.600000000000000000e+01,7.000000000000000000e+01,4.925999999999999801e+01,5.000000000000000000e+01
5.700000000000000000e+01,7.000000000000000000e+01,4.925999999999999801e+01,5.000000000000000000e+01
5.800000000000000000e+01,7.000000000000000000e+01,4.954999999999999716e+01,5.000000000000000000e+01
5.900000000000000000e+01,7.000000000000000000e+01,4.974000000000000199e+01,5.000000000000000000e+01
6.000000000000000000e+01,7.000000000000000000e+01,4.989999999999999858e+01,5.000000000000000000e+01
6.100000000000000000e+01,7.000000000000000000e+01,5.003000000000000114e+01,5.000000000000000000e+01
6.200000000000000000e+01,7.000000000000000000e+01,5.021999999999999886e+01,5.000000000000000000e+01
6.300000000000000000e+01,7.000000000000000000e+01,5.021999999999999886e+01,5.000000000000000000e+01
6.400000000000000000e+01,7.000000000000000000e+01,5.045000000000000284e+01,5.000000000000000000e+01
6.500000000000000000e+01,7.000000000000000000e+01,5.054999999999999716e+01,5.000000000000000000e+01
6.600000000000000000e+01,7.000000000000000000e+01,5.079999999999999716e+01,5.000000000000000000e+01
6.700000000000000000e+01,7.000000000000000000e+01,5.086999999999999744e+01,5.000000000000000000e+01
6.800000000000000000e+01,7.000000000000000000e+01,5.096999999999999886e+01,5.000000000000000000e+01
6.900000000000000000e+01,7.000000000000000000e+01,5.113000000000000256e+01,5.000000000000000000e+01
7.000000000000000000e+01,7.000000000000000000e+01,5.125999999999999801e+01,5.000000000000000000e+01
7.100000000000000000e+01,7.000000000000000000e+01,5.138000000000000256e+01,5.000000000000000000e+01
7.200000000000000000e+01,7.000000000000000000e+01,5.150999999999999801e+01,5.000000000000000000e+01
7.300000000000000000e+01,7.000000000000000000e+01,5.157999999999999829e+01,5.000000000000000000e+01
7.400000000000000000e+01,7.000000000000000000e+01,5.184000000000000341e+01,5.000000000000000000e+01
7.500000000000000000e+01,7.000000000000000000e+01,5.186999999999999744e+01,5.000000000000000000e+01
7.600000000000000000e+01,7.000000000000000000e+01,5.203000000000000114e+01,5.000000000000000000e+01
7.700000000000000000e+01,7.000000000000000000e+01,5.213000000000000256e+01,5.000000000000000000e+01
7.800000000000000000e+01,7.000000000000000000e+01,5.215999999999999659e+01,5.000000000000000000e+01
7.900000000000000000e+01,7.000000000000000000e+01,5.215999999999999659e+01,5.000000000000000000e+01
8.000000000000000000e+01,7.000000000000000000e+01,5.242000000000000171e+01,5.000000000000000000e+01
8.100000000000000000e+01,7.000000000000000000e+01,5.247999999999999687e+01,5.000000000000000000e+01
8.200000000000000000e+01,7.000000000000000000e+01,5.247999999999999687e+01,5.000000000000000000e+01
8.300000000000000000e+01,7.000000000000000000e+01,5.247999999999999687e+01,5.000000000000000000e+01
8.400000000000000000e+01,7.000000000000000000e+01,5.253999999999999915e+01,5.000000000000000000e+01
8.500000000000000000e+01,7.000000000000000000e+01,5.279999999999999716e+01,5.000000000000000000e+01
8.600000000000000000e+01,7.000000000000000000e+01,5.279999999999999716e+01,5.000000000000000000e+01
8.700000000000000000e+01,7.000000000000000000e+01,5.300000000000000000e+01,5.000000000000000000e+01
8.800000000000000000e+01,7.000000000000000000e+01,5.313000000000000256e+01,5.000000000000000000e+01
8.900000000000000000e+01,7.000000000000000000e+01,5.313000000000000256e+01,5.000000000000000000e+01
9.000000000000000000e+01,7.000000000000000000e+01,5.318999999999999773e+01,5.000000000000000000e+01
9.100000000000000000e+01,7.000000000000000000e+01,5.342000000000000171e+01,5.000000000000000000e+01
9.200000000000000000e+01,7.000000000000000000e+01,5.342000000000000171e+01,5.000000000000000000e+01
9.300000000000000000e+01,7.000000000000000000e+01,5.345000000000000284e+01,5.000000000000000000e+01
9.400000000000000000e+01,7.000000000000000000e+01,5.345000000000000284e+01,5.000000000000000000e+01
9.500000000000000000e+01,7.000000000000000000e+01,5.345000000000000284e+01,5.000000000000000000e+01
9.600000000000000000e+01,7.000000000000000000e+01,5.364000000000000057e+01,5.000000000000000000e+01
9.700000000000000000e+01,7.000000000000000000e+01,5.374000000000000199e+01,5.000000000000000000e+01
9.800000000000000000e+01,7.000000000000000000e+01,5.367000000000000171e+01,5.000000000000000000e+01
9.900000000000000000e+01,7.000000000000000000e+01,5.371000000000000085e+01,5.000000000000000000e+01
1.000000000000000000e+02,7.000000000000000000e+01,5.377000000000000313e+01,5.000000000000000000e+01
1.010000000000000000e+02,7.000000000000000000e+01,5.389999999999999858e+01,5.000000000000000000e+01
1.020000000000000000e+02,7.000000000000000000e+01,5.409000000000000341e+01,5.000000000000000000e+01
1.030000000000000000e+02,7.000000000000000000e+01,5.392999999999999972e+01,5.000000000000000000e+01
1.040000000000000000e+02,7.000000000000000000e+01,5.403000000000000114e+01,5.000000000000000000e+01
1.050000000000000000e+02,7.000000000000000000e+01,5.409000000000000341e+01,5.000000000000000000e+01
1.060000000000000000e+02,7.000000000000000000e+01,5.428999999999999915e+01,5.000000000000000000e+01
1.070000000000000000e+02,7.000000000000000000e+01,5.440999999999999659e+01,5.000000000000000000e+01
1.080000000000000000e+02,7.000000000000000000e+01,5.418999999999999773e+01,5.000000000000000000e+01
1.090000000000000000e+02,7.000000000000000000e+01,5.435000000000000142e+01,5.000000000000000000e+01
1.100000000000000000e+02,7.000000000000000000e+01,5.440999999999999659e+01,5.000000000000000000e+01
1.110000000000000000e+02,7.000000000000000000e+01,5.440999999999999659e+01,5.000000000000000000e+01
1.120000000000000000e+02,7.000000000000000000e+01,5.445000000000000284e+01,5.000000000000000000e+01
1.130000000000000000e+02,7.000000000000000000e+01,5.440999999999999659e+01,5.000000000000000000e+01
1.140000000000000000e+02,7.000000000000000000e+01,5.453999999999999915e+01,5.000000000000000000e+01
1.150000000000000000e+02,7.000000000000000000e+01,5.447999999999999687e+01,5.000000000000000000e+01
1.160000000000000000e+02,7.000000000000000000e+01,5.440999999999999659e+01,5.000000000000000000e+01
1.170000000000000000e+02,7.000000000000000000e+01,5.450999999999999801e+01,5.000000000000000000e+01
1.180000000000000000e+02,7.000000000000000000e+01,5.447999999999999687e+01,5.000000000000000000e+01
1.190000000000000000e+02,7.000000000000000000e+01,5.467000000000000171e+01,5.000000000000000000e+01
1.200000000000000000e+02,7.000000000000000000e+01,5.474000000000000199e+01,5.000000000000000000e+01
1.210000000000000000e+02,7.000000000000000000e+01,5.477000000000000313e+01,5.000000000000000000e+01
1.220000000000000000e+02,7.000000000000000000e+01,5.489999999999999858e+01,5.000000000000000000e+01
1.230000000000000000e+02,7.000000000000000000e+01,5.486999999999999744e+01,5.000000000000000000e+01
1.240000000000000000e+02,7.000000000000000000e+01,5.496000000000000085e+01,5.000000000000000000e+01
1.250000000000000000e+02,7.000000000000000000e+01,5.506000000000000227e+01,5.000000000000000000e+01
1.260000000000000000e+02,7.000000000000000000e+01,5.538000000000000256e+01,5.000000000000000000e+01
1.270000000000000000e+02,7.000000000000000000e+01,5.540999999999999659e+01,5.000000000000000000e+01
1.280000000000000000e+02,7.000000000000000000e+01,5.560999999999999943e+01,5.000000000000000000e+01
1.290000000000000000e+02,7.000000000000000000e+01,5.570000000000000284e+01,5.000000000000000000e+01
1.300000000000000000e+02,7.000000000000000000e+01,5.582999999999999829e+01,5.000000000000000000e+01
1.310000000000000000e+02,7.000000000000000000e+01,5.603000000000000114e+01,5.000000000000000000e+01
1.320000000000000000e+02,7.000000000000000000e+01,5.603000000000000114e+01,5.000000000000000000e+01
1.330000000000000000e+02,7.000000000000000000e+01,5.614999999999999858e+01,5.000000000000000000e+01
1.340000000000000000e+02,7.000000000000000000e+01,5.635000000000000142e+01,5.000000000000000000e+01
1.350000000000000000e+02,7.000000000000000000e+01,5.635000000000000142e+01,5.000000000000000000e+01
1.360000000000000000e+02,7.000000000000000000e+01,5.647999999999999687e+01,5.000000000000000000e+01
1.370000000000000000e+02,7.000000000000000000e+01,5.660999999999999943e+01,5.000000000000000000e+01
1.380000000000000000e+02,7.000000000000000000e+01,5.667000000000000171e+01,5.000000000000000000e+01
1.390000000000000000e+02,7.000000000000000000e+01,5.667000000000000171e+01,5.000000000000000000e+01
1.400000000000000000e+02,7.000000000000000000e+01,5.667000000000000171e+01,5.000000000000000000e+01
1.410000000000000000e+02,7.000000000000000000e+01,5.670000000000000284e+01,5.000000000000000000e+01
1.420000000000000000e+02,7.000000000000000000e+01,5.685999999999999943e+01,5.000000000000000000e+01
1.430000000000000000e+02,7.000000000000000000e+01,5.677000000000000313e+01,5.000000000000000000e+01
1.440000000000000000e+02,7.000000000000000000e+01,5.670000000000000284e+01,5.000000000000000000e+01
1.450000000000000000e+02,7.000000000000000000e+01,5.689999999999999858e+01,5.000000000000000000e+01
1.460000000000000000e+02,7.000000000000000000e+01,5.699000000000000199e+01,5.000000000000000000e+01
1.470000000000000000e+02,7.000000000000000000e+01,5.699000000000000199e+01,5.000000000000000000e+01
1.480000000000000000e+02,7.000000000000000000e+01,5.702000000000000313e+01,5.000000000000000000e+01
1.490000000000000000e+02,7.000000000000000000e+01,5.709000000000000341e+01,5.000000000000000000e+01
1.500000000000000000e+02,7.000000000000000000e+01,5.721999999999999886e+01,5.000000000000000000e+01
1.510000000000000000e+02,7.000000000000000000e+01,5.721999999999999886e+01,5.000000000000000000e+01
1.520000000000000000e+02,7.000000000000000000e+01,5.728000000000000114e+01,5.000000000000000000e+01
1.530000000000000000e+02,7.000000000000000000e+01,5.731000000000000227e+01,5.000000000000000000e+01
1.540000000000000000e+02,7.000000000000000000e+01,5.731000000000000227e+01,5.000000000000000000e+01
1.550000000000000000e+02,7.000000000000000000e+01,5.731000000000000227e+01,5.000000000000000000e+01
1.560000000000000000e+02,7.000000000000000000e+01,5.731000000000000227e+01,5.000000000000000000e+01
1.570000000000000000e+02,7.000000000000000000e+01,5.740999999999999659e+01,5.000000000000000000e+01
1.580000000000000000e+02,7.000000000000000000e+01,5.753999999999999915e+01,5.000000000000000000e+01
1.590000000000000000e+02,7.000000000000000000e+01,5.743999999999999773e+01,5.000000000000000000e+01
1.600000000000000000e+02,7.000000000000000000e+01,5.731000000000000227e+01,5.000000000000000000e+01
1.610000000000000000e+02,7.000000000000000000e+01,5.735000000000000142e+01,5.000000000000000000e+01
1.620000000000000000e+02,7.000000000000000000e+01,5.738000000000000256e+01,5.000000000000000000e+01
1.630000000000000000e+02,7.000000000000000000e+01,5.764000000000000057e+01,5.000000000000000000e+01
1.640000000000000000e+02,7.000000000000000000e+01,5.764000000000000057e+01,5.000000000000000000e+01
1.650000000000000000e+02,7.000000000000000000e+01,5.777000000000000313e+01,5.000000000000000000e+01
1.660000000000000000e+02,7.000000000000000000e+01,5.792999999999999972e+01,5.000000000000000000e+01
1.670000000000000000e+02,7.000000000000000000e+01,5.796000000000000085e+01,5.000000000000000000e+01
1.680000000000000000e+02,7.000000000000000000e+01,5.809000000000000341e+01,5.000000000000000000e+01
1.690000000000000000e+02,7.000000000000000000e+01,5.817999999999999972e+01,5.000000000000000000e+01
1.700000000000000000e+02,7.000000000000000000e+01,5.814999999999999858e+01,5.000000000000000000e+01
1.710000000000000000e+02,7.000000000000000000e+01,5.814999999999999858e+01,5.000000000000000000e+01
1.720000000000000000e+02,7.000000000000000000e+01,5.817999999999999972e+01,5.000000000000000000e+01
1.730000000000000000e+02,7.000000000000000000e+01,5.825000000000000000e+01,5.000000000000000000e+01
1.740000000000000000e+02,7.000000000000000000e+01,5.828000000000000114e+01,5.000000000000000000e+01
1.750000000000000000e+02,7.000000000000000000e+01,5.828000000000000114e+01,5.000000000000000000e+01
1.760000000000000000e+02,7.000000000000000000e+01,5.828000000000000114e+01,5.000000000000000000e+01
1.770000000000000000e+02,7.000000000000000000e+01,5.828000000000000114e+01,5.000000000000000000e+01
1.780000000000000000e+02,7.000000000000000000e+01,5.831000000000000227e+01,5.000000000000000000e+01
1.790000000000000000e+02,7.000000000000000000e+01,5.840999999999999659e+01,5.000000000000000000e+01
1.800000000000000000e+02,7.000000000000000000e+01,5.838000000000000256e+01,5.000000000000000000e+01
1.810000000000000000e+02,7.000000000000000000e+01,5.846999999999999886e+01,5.000000000000000000e+01
1.820000000000000000e+02,7.000000000000000000e+01,5.843999999999999773e+01,5.000000000000000000e+01
1.830000000000000000e+02,7.000000000000000000e+01,5.840999999999999659e+01,5.000000000000000000e+01
1.840000000000000000e+02,7.000000000000000000e+01,5.840999999999999659e+01,5.000000000000000000e+01
1.850000000000000000e+02,7.000000000000000000e+01,5.860000000000000142e+01,5.000000000000000000e+01
1.860000000000000000e+02,7.000000000000000000e+01,5.860000000000000142e+01,5.000000000000000000e+01
1.870000000000000000e+02,7.000000000000000000e+01,5.860000000000000142e+01,5.000000000000000000e+01
1.880000000000000000e+02,7.000000000000000000e+01,5.864000000000000057e+01,5.000000000000000000e+01
1.890000000000000000e+02,7.000000000000000000e+01,5.879999999999999716e+01,5.000000000000000000e+01
1.900000000000000000e+02,7.000000000000000000e+01,5.870000000000000284e+01,5.000000000000000000e+01
1.910000000000000000e+02,7.000000000000000000e+01,5.882999999999999829e+01,5.000000000000000000e+01
1.920000000000000000e+02,7.000000000000000000e+01,5.889000000000000057e+01,5.000000000000000000e+01
1.930000000000000000e+02,7.000000000000000000e+01,5.892999999999999972e+01,5.000000000000000000e+01
1.940000000000000000e+02,7.000000000000000000e+01,5.889000000000000057e+01,5.000000000000000000e+01
1.950000000000000000e+02,7.000000000000000000e+01,5.892999999999999972e+01,5.000000000000000000e+01
1.960000000000000000e+02,7.000000000000000000e+01,5.896000000000000085e+01,5.000000000000000000e+01
1.970000000000000000e+02,7.000000000000000000e+01,5.892999999999999972e+01,5.000000000000000000e+01
1.980000000000000000e+02,7.000000000000000000e+01,5.899000000000000199e+01,5.000000000000000000e+01
1.990000000000000000e+02,7.000000000000000000e+01,5.909000000000000341e+01,5.000000000000000000e+01
2.000000000000000000e+02,7.000000000000000000e+01,5.917999999999999972e+01,5.000000000000000000e+01
2.010000000000000000e+02,7.000000000000000000e+01,5.925000000000000000e+01,5.000000000000000000e+01
2.020000000000000000e+02,7.000000000000000000e+01,5.925000000000000000e+01,5.000000000000000000e+01
2.030000000000000000e+02,7.000000000000000000e+01,5.925000000000000000e+01,5.000000000000000000e+01
2.040000000000000000e+02,7.000000000000000000e+01,5.928000000000000114e+01,5.000000000000000000e+01
2.050000000000000000e+02,7.000000000000000000e+01,5.938000000000000256e+01,5.000000000000000000e+01
2.060000000000000000e+02,7.000000000000000000e+01,5.957000000000000028e+01,5.000000000000000000e+01
2.070000000000000000e+02,7.000000000000000000e+01,5.957000000000000028e+01,5.000000000000000000e+01
2.080000000000000000e+02,7.000000000000000000e+01,5.960000000000000142e+01,5.000000000000000000e+01
2.090000000000000000e+02,7.000000000000000000e+01,5.963000000000000256e+01,5.000000000000000000e+01
2.100000000000000000e+02,7.000000000000000000e+01,5.985999999999999943e+01,5.000000000000000000e+01
2.110000000000000000e+02,7.000000000000000000e+01,5.989000000000000057e+01,5.000000000000000000e+01
2.120000000000000000e+02,7.000000000000000000e+01,5.989000000000000057e+01,5.000000000000000000e+01
2.130000000000000000e+02,7.000000000000000000e+01,5.989000000000000057e+01,5.000000000000000000e+01
2.140000000000000000e+02,7.000000000000000000e+01,5.979999999999999716e+01,5.000000000000000000e+01
2.150000000000000000e+02,7.000000000000000000e+01,5.982999999999999829e+01,5.000000000000000000e+01
2.160000000000000000e+02,7.000000000000000000e+01,5.975999999999999801e+01,5.000000000000000000e+01
2.170000000000000000e+02,7.000000000000000000e+01,5.989000000000000057e+01,5.000000000000000000e+01
2.180000000000000000e+02,7.000000000000000000e+01,5.989000000000000057e+01,5.000000000000000000e+01
2.190000000000000000e+02,7.000000000000000000e+01,5.982999999999999829e+01,5.000000000000000000e+01
2.200000000000000000e+02,7.000000000000000000e+01,5.989000000000000057e+01,5.000000000000000000e+01
2.210000000000000000e+02,7.000000000000000000e+01,5.989000000000000057e+01,5.000000000000000000e+01
2.220000000000000000e+02,7.000000000000000000e+01,5.989000000000000057e+01,5.000000000000000000e+01
2.230000000000000000e+02,7.000000000000000000e+01,5.989000000000000057e+01,5.000000000000000000e+01
2.240000000000000000e+02,7.000000000000000000e+01,5.985999999999999943e+01,5.000000000000000000e+01
2.250000000000000000e+02,7.000000000000000000e+01,5.982999999999999829e+01,5.000000000000000000e+01
2.260000000000000000e+02,7.000000000000000000e+01,5.989000000000000057e+01,5.000000000000000000e+01
2.270000000000000000e+02,7.000000000000000000e+01,5.989000000000000057e+01,5.000000000000000000e+01
2.280000000000000000e+02,7.000000000000000000e+01,5.989000000000000057e+01,5.000000000000000000e+01
2.290000000000000000e+02,7.000000000000000000e+01,5.992000000000000171e+01,5.000000000000000000e+01
2.300000000000000000e+02,7.000000000000000000e+01,5.989000000000000057e+01,5.000000000000000000e+01
2.310000000000000000e+02,7.000000000000000000e+01,5.989000000000000057e+01,5.000000000000000000e+01
2.320000000000000000e+02,7.000000000000000000e+01,5.989000000000000057e+01,5.000000000000000000e+01
2.330000000000000000e+02,3.000000000000000000e+01,5.989000000000000057e+01,5.000000000000000000e+01
2.340000000000000000e+02,3.000000000000000000e+01,5.989000000000000057e+01,5.000000000000000000e+01
2.350000000000000000e+02,3.000000000000000000e+01,5.985999999999999943e+01,5.000000000000000000e+01
2.360000000000000000e+02,3.000000000000000000e+01,5.989000000000000057e+01,5.000000000000000000e+01
2.370000000000000000e+02,3.000000000000000000e+01,5.989000000000000057e+01,5.000000000000000000e+01
2.380000000000000000e+02,3.000000000000000000e+01,5.989000000000000057e+01,5.000000000000000000e+01
2.390000000000000000e+02,3.000000000000000000e+01,5.972999999999999687e+01,5.000000000000000000e+01
2.400000000000000000e+02,3.000000000000000000e+01,5.957000000000000028e+01,5.000000000000000000e+01
2.410000000000000000e+02,3.000000000000000000e+01,5.953999999999999915e+01,5.000000000000000000e+01
2.420000000000000000e+02,3.000000000000000000e+01,5.928000000000000114e+01,5.000000000000000000e+01
2.430000000000000000e+02,3.000000000000000000e+01,5.928000000000000114e+01,5.000000000000000000e+01
2.440000000000000000e+02,3.000000000000000000e+01,5.934000000000000341e+01,5.000000000000000000e+01
2.450000000000000000e+02,3.000000000000000000e+01,5.940999999999999659e+01,5.000000000000000000e+01
2.460000000000000000e+02,3.000000000000000000e+01,5.934000000000000341e+01,5.000000000000000000e+01
2.470000000000000000e+02,3.000000000000000000e+01,5.934000000000000341e+01,5.000000000000000000e+01
2.480000000000000000e+02,3.000000000000000000e+01,5.928000000000000114e+01,5.000000000000000000e+01
2.490000000000000000e+02,3.000000000000000000e+01,5.925000000000000000e+01,5.000000000000000000e+01
2.500000000000000000e+02,3.000000000000000000e+01,5.902000000000000313e+01,5.000000000000000000e+01
2.510000000000000000e+02,3.000000000000000000e+01,5.892999999999999972e+01,5.000000000000000000e+01
2.520000000000000000e+02,3.000000000000000000e+01,5.892999999999999972e+01,5.000000000000000000e+01
2.530000000000000000e+02,3.000000000000000000e+01,5.889000000000000057e+01,5.000000000000000000e+01
2.540000000000000000e+02,3.000000000000000000e+01,5.867000000000000171e+01,5.000000000000000000e+01
2.550000000000000000e+02,3.000000000000000000e+01,5.860000000000000142e+01,5.000000000000000000e+01
2.560000000000000000e+02,3.000000000000000000e+01,5.846999999999999886e+01,5.000000000000000000e+01
2.570000000000000000e+02,3.000000000000000000e+01,5.843999999999999773e+01,5.000000000000000000e+01
2.580000000000000000e+02,3.000000000000000000e+01,5.828000000000000114e+01,5.000000000000000000e+01
2.590000000000000000e+02,3.000000000000000000e+01,5.828000000000000114e+01,5.000000000000000000e+01
2.600000000000000000e+02,3.000000000000000000e+01,5.814999999999999858e+01,5.000000000000000000e+01
2.610000000000000000e+02,3.000000000000000000e+01,5.796000000000000085e+01,5.000000000000000000e+01
2.620000000000000000e+02,3.000000000000000000e+01,5.796000000000000085e+01,5.000000000000000000e+01
2.630000000000000000e+02,3.000000000000000000e+01,5.796000000000000085e+01,5.000000000000000000e+01
2.640000000000000000e+02,3.000000000000000000e+01,5.785999999999999943e+01,5.000000000000000000e+01
2.650000000000000000e+02,3.000000000000000000e+01,5.779999999999999716e+01,5.000000000000000000e+01
2.660000000000000000e+02,3.000000000000000000e+01,5.764000000000000057e+01,5.000000000000000000e+01
2.670000000000000000e+02,3.000000000000000000e+01,5.760000000000000142e+01,5.000000000000000000e+01
2.680000000000000000e+02,3.000000000000000000e+01,5.725000000000000000e+01,5.000000000000000000e+01
2.690000000000000000e+02,3.000000000000000000e+01,5.699000000000000199e+01,5.000000000000000000e+01
2.700000000000000000e+02,3.000000000000000000e+01,5.699000000000000199e+01,5.000000000000000000e+01
2.710000000000000000e+02,3.000000000000000000e+01,5.679999999999999716e+01,5.000000000000000000e+01
2.720000000000000000e+02,3.000000000000000000e+01,5.672999999999999687e+01,5.000000000000000000e+01
2.730000000000000000e+02,3.000000000000000000e+01,5.667000000000000171e+01,5.000000000000000000e+01
2.740000000000000000e+02,3.000000000000000000e+01,5.650999999999999801e+01,5.000000000000000000e+01
2.750000000000000000e+02,3.000000000000000000e+01,5.635000000000000142e+01,5.000000000000000000e+01
2.760000000000000000e+02,3.000000000000000000e+01,5.635000000000000142e+01,5.000000000000000000e+01
2.770000000000000000e+02,3.000000000000000000e+01,5.638000000000000256e+01,5.000000000000000000e+01
2.780000000000000000e+02,3.000000000000000000e+01,5.635000000000000142e+01,5.000000000000000000e+01
2.790000000000000000e+02,3.000000000000000000e+01,5.635000000000000142e+01,5.000000000000000000e+01
2.800000000000000000e+02,3.000000000000000000e+01,5.621999999999999886e+01,5.000000000000000000e+01
2.810000000000000000e+02,3.000000000000000000e+01,5.603000000000000114e+01,5.000000000000000000e+01
2.820000000000000000e+02,3.000000000000000000e+01,5.603000000000000114e+01,5.000000000000000000e+01
2.830000000000000000e+02,3.000000000000000000e+01,5.599000000000000199e+01,5.000000000000000000e+01
2.840000000000000000e+02,3.000000000000000000e+01,5.577000000000000313e+01,5.000000000000000000e+01
2.850000000000000000e+02,3.000000000000000000e+01,5.577000000000000313e+01,5.000000000000000000e+01
2.860000000000000000e+02,3.000000000000000000e+01,5.582999999999999829e+01,5.000000000000000000e+01
2.870000000000000000e+02,3.000000000000000000e+01,5.574000000000000199e+01,5.000000000000000000e+01
2.880000000000000000e+02,3.000000000000000000e+01,5.574000000000000199e+01,5.000000000000000000e+01
2.890000000000000000e+02,3.000000000000000000e+01,5.570000000000000284e+01,5.000000000000000000e+01
2.900000000000000000e+02,3.000000000000000000e+01,5.570000000000000284e+01,5.000000000000000000e+01
2.910000000000000000e+02,3.000000000000000000e+01,5.567000000000000171e+01,5.000000000000000000e+01
2.920000000000000000e+02,3.000000000000000000e+01,5.564000000000000057e+01,5.000000000000000000e+01
2.930000000000000000e+02,3.000000000000000000e+01,5.545000000000000284e+01,5.000000000000000000e+01
2.940000000000000000e+02,3.000000000000000000e+01,5.547999999999999687e+01,5.000000000000000000e+01
2.950000000000000000e+02,3.000000000000000000e+01,5.538000000000000256e+01,5.000000000000000000e+01
2.960000000000000000e+02,3.000000000000000000e+01,5.538000000000000256e+01,5.000000000000000000e+01
2.970000000000000000e+02,3.000000000000000000e+01,5.532000000000000028e+01,5.000000000000000000e+01
2.980000000000000000e+02,3.000000000000000000e+01,5.521999999999999886e+01,5.000000000000000000e+01
2.990000000000000000e+02,3.000000000000000000e+01,5.525000000000000000e+01,5.000000000000000000e+01
3.000000000000000000e+02,3.000000000000000000e+01,5.506000000000000227e+01,5.000000000000000000e+01
3.010000000000000000e+02,3.000000000000000000e+01,5.492999999999999972e+01,5.000000000000000000e+01
3.020000000000000000e+02,3.000000000000000000e+01,5.482999999999999829e+01,5.000000000000000000e+01
3.030000000000000000e+02,3.000000000000000000e+01,5.477000000000000313e+01,5.000000000000000000e+01
3.040000000000000000e+02,3.000000000000000000e+01,5.464000000000000057e+01,5.000000000000000000e+01
3.050000000000000000e+02,3.000000000000000000e+01,5.440999999999999659e+01,5.000000000000000000e+01
3.060000000000000000e+02,3.000000000000000000e+01,5.445000000000000284e+01,5.000000000000000000e+01
3.070000000000000000e+02,3.000000000000000000e+01,5.432000000000000028e+01,5.000000000000000000e+01
3.080000000000000000e+02,3.000000000000000000e+01,5.409000000000000341e+01,5.000000000000000000e+01
3.090000000000000000e+02,3.000000000000000000e+01,5.396000000000000085e+01,5.000000000000000000e+01
3.100000000000000000e+02,3.000000000000000000e+01,5.377000000000000313e+01,5.000000000000000000e+01
3.110000000000000000e+02,3.000000000000000000e+01,5.377000000000000313e+01,5.000000000000000000e+01
3.120000000000000000e+02,3.000000000000000000e+01,5.360999999999999943e+01,5.000000000000000000e+01
3.130000000000000000e+02,3.000000000000000000e+01,5.345000000000000284e+01,5.000000000000000000e+01
3.140000000000000000e+02,3.000000000000000000e+01,5.345000000000000284e+01,5.000000000000000000e+01
3.150000000000000000e+02,3.000000000000000000e+01,5.335000000000000142e+01,5.000000000000000000e+01
3.160000000000000000e+02,3.000000000000000000e+01,5.328999999999999915e+01,5.000000000000000000e+01
3.170000000000000000e+02,3.000000000000000000e+01,5.313000000000000256e+01,5.000000000000000000e+01
3.180000000000000000e+02,3.000000000000000000e+01,5.313000000000000256e+01,5.000000000000000000e+01
3.190000000000000000e+02,3.000000000000000000e+01,5.315999999999999659e+01,5.000000000000000000e+01
3.200000000000000000e+02,3.000000000000000000e+01,5.313000000000000256e+01,5.000000000000000000e+01
3.210000000000000000e+02,3.000000000000000000e+01,5.309000000000000341e+01,5.000000000000000000e+01
3.220000000000000000e+02,3.000000000000000000e+01,5.306000000000000227e+01,5.000000000000000000e+01
3.230000000000000000e+02,3.000000000000000000e+01,5.303000000000000114e+01,5.000000000000000000e+01
3.240000000000000000e+02,3.000000000000000000e+01,5.282999999999999829e+01,5.000000000000000000e+01
3.250000000000000000e+02,3.000000000000000000e+01,5.279999999999999716e+01,5.000000000000000000e+01
3.260000000000000000e+02,3.000000000000000000e+01,5.279999999999999716e+01,5.000000000000000000e+01
3.270000000000000000e+02,3.000000000000000000e+01,5.279999999999999716e+01,5.000000000000000000e+01
3.280000000000000000e+02,3.000000000000000000e+01,5.277000000000000313e+01,5.000000000000000000e+01
3.290000000000000000e+02,3.000000000000000000e+01,5.274000000000000199e+01,5.000000000000000000e+01
3.300000000000000000e+02,3.000000000000000000e+01,5.271000000000000085e+01,5.000000000000000000e+01
3.310000000000000000e+02,3.000000000000000000e+01,5.250999999999999801e+01,5.000000000000000000e+01
3.320000000000000000e+02,3.000000000000000000e+01,5.242000000000000171e+01,5.000000000000000000e+01
3.330000000000000000e+02,3.000000000000000000e+01,5.221999999999999886e+01,5.000000000000000000e+01
3.340000000000000000e+02,3.000000000000000000e+01,5.215999999999999659e+01,5.000000000000000000e+01
3.350000000000000000e+02,3.000000000000000000e+01,5.215999999999999659e+01,5.000000000000000000e+01
3.360000000000000000e+02,3.000000000000000000e+01,5.206000000000000227e+01,5.000000000000000000e+01
3.370000000000000000e+02,3.000000000000000000e+01,5.215999999999999659e+01,5.000000000000000000e+01
3.380000000000000000e+02,3.000000000000000000e+01,5.209000000000000341e+01,5.000000000000000000e+01
3.390000000000000000e+02,3.000000000000000000e+01,5.189999999999999858e+01,5.000000000000000000e+01
3.400000000000000000e+02,3.000000000000000000e+01,5.184000000000000341e+01,5.000000000000000000e+01
3.410000000000000000e+02,3.000000000000000000e+01,5.184000000000000341e+01,5.000000000000000000e+01
3.420000000000000000e+02,3.000000000000000000e+01,5.171000000000000085e+01,5.000000000000000000e+01
3.430000000000000000e+02,3.000000000000000000e+01,5.150999999999999801e+01,5.000000000000000000e+01
3.440000000000000000e+02,3.000000000000000000e+01,5.154999999999999716e+01,5.000000000000000000e+01
3.450000000000000000e+02,3.000000000000000000e+01,5.150999999999999801e+01,5.000000000000000000e+01
3.460000000000000000e+02,3.000000000000000000e+01,5.154999999999999716e+01,5.000000000000000000e+01
3.470000000000000000e+02,3.000000000000000000e+01,5.150999999999999801e+01,5.000000000000000000e+01
3.480000000000000000e+02,3.000000000000000000e+01,5.145000000000000284e+01,5.000000000000000000e+01
3.490000000000000000e+02,3.000000000000000000e+01,5.150999999999999801e+01,5.000000000000000000e+01
3.500000000000000000e+02,3.000000000000000000e+01,5.150999999999999801e+01,5.000000000000000000e+01
3.510000000000000000e+02,3.000000000000000000e+01,5.150999999999999801e+01,5.000000000000000000e+01
3.520000000000000000e+02,3.000000000000000000e+01,5.150999999999999801e+01,5.000000000000000000e+01
3.530000000000000000e+02,3.000000000000000000e+01,5.150999999999999801e+01,5.000000000000000000e+01
3.540000000000000000e+02,3.000000000000000000e+01,5.150999999999999801e+01,5.000000000000000000e+01
3.550000000000000000e+02,3.000000000000000000e+01,5.150999999999999801e+01,5.000000000000000000e+01
3.560000000000000000e+02,3.000000000000000000e+01,5.154999999999999716e+01,5.000000000000000000e+01
3.570000000000000000e+02,3.000000000000000000e+01,5.154999999999999716e+01,5.000000000000000000e+01
3.580000000000000000e+02,3.000000000000000000e+01,5.160999999999999943e+01,5.000000000000000000e+01
3.590000000000000000e+02,3.000000000000000000e+01,5.150999999999999801e+01,5.000000000000000000e+01
3.600000000000000000e+02,3.000000000000000000e+01,5.150999999999999801e+01,5.000000000000000000e+01
3.610000000000000000e+02,3.000000000000000000e+01,5.150999999999999801e+01,5.000000000000000000e+01
3.620000000000000000e+02,3.000000000000000000e+01,5.147999999999999687e+01,5.000000000000000000e+01
3.630000000000000000e+02,3.000000000000000000e+01,5.147999999999999687e+01,5.000000000000000000e+01
3.640000000000000000e+02,3.000000000000000000e+01,5.145000000000000284e+01,5.000000000000000000e+01
